15688
14018
13920
11026
10594
6562
5955
5847
5524
5471
4927
4839
4558
4354
3893
3792
3581
3426
3147
3055
2853
2835
2820
2577
2504
2487
2459
2352
2317
2313
2288
2252
2212
2207
2166
2156
2031
1951
1925
1914
1899
1893
1891
1859
1816
1782
1767
1742
1711
1694
1604
1572
1542
1540
1520
1511
1492
1489
1489
1468
1464
1461
1440
1417
1382
1374
1328
1320
1318
1290
1286
1282
1267
1262
1256
1252
1252
1241
1232
1199
1166
1156
1150
1143
1142
1120
1118
1117
1116
1114
1112
1110
1102
1093
1091
1082
1081
1078
1068
1057
1047
1046
1038
1037
1035
1035
1033
1030
1018
1018
1017
1011
1008
1008
1002
1000
991
983
977
971
967
966
963
963
959
957
956
952
948
945
939
938
938
937
931
929
928
924
922
905
897
892
888
880
879
878
876
875
875
874
874
871
867
854
852
852
844
844
842
841
839
839
838
837
837
832
831
825
824
821
814
814
812
812
810
810
809
807
806
805
800
799
798
787
787
784
783
781
779
779
774
773
771
771
767
761
760
759
757
756
754
753
753
752
739
739
737
735
735
734
730
730
729
727
727
725
724
722
722
720
720
720
719
718
717
717
715
714
714
714
712
707
706
706
705
703
700
699
695
694
693
693
689
689
689
689
685
682
680
674
673
672
663
662
662
660
654
641
640
640
636
633
632
631
626
624
622
620
616
616
613
613
612
611
611
608
607
607
603
601
600
600
599
598
597
596
587
579
579
579
577
569
567
565
562
556
551
551
546
544
542
538
538
538
537
531
527
521
521
517
517
514
507
507
505
503
500
496
495
495
492
491
488
484
482
480
478
477
475
470
469
462
462
462
459
456
456
455
450
449
447
446
446
445
441
440
437
435
433
431
430
430
429
426
424
424
421
420
418
415
414
414
414
414
412
411
407
407
404
403
401
400
399
399
399
398
396
394
393
393
393
392
391
390
390
389
388
387
387
387
386
386
385
381
380
380
379
379
379
378
377
376
374
374
374
374
372
370
367
366
364
364
360
359
358
358
351
350
347
346
345
342
341
339
335
335
326
323
320
320
318
313
311
307
307
306
306
290
288
287
282
281
276
265
265
262
258
252
249
244
243
239
234
232
231
221
220
220
217
210
209
205
201
195
194
183
166
165
163
148
148
145
138
137
136
134
132
125
123
122
120
119
119
115
115
111
110
109
106
99
98
97
96
94
94
93
91
89
86
83
82
81
79
79
78
78
77
75
74
74
74
74
74
74
74
74
71
70
70
69
67
66
65
64
63
63
63
62
62
60
60
60
60
59
58
58
58
57
56
56
55
54
53
52
52
51
51
51
49
49
49
49
49
48
48
48
48
47
47
47
46
46
46
45
45
44
44
44
43
43
42
42
42
42
41
41
40
40
40
40
40
39
39
39
39
39
39
38
38
38
38
37
37
37
37
36
36
35
35
34
34
34
34
34
33
33
33
33
33
33
33
33
33
32
32
32
32
32
32
31
31
31
31
30
30
30
30
30
30
30
29
29
29
29
28
28
28
28
28
28
28
28
27
27
27
27
27
27
27
27
26
26
26
26
26
26
25
25
25
25
25
25
25
25
25
24
24
24
24
24
24
23
23
23
23
23
23
23
23
23
23
22
22
22
22
22
22
22
22
22
22
22
22
22
21
21
21
21
21
21
21
21
21
21
21
20
20
20
20
20
20
20
19
19
19
19
19
19
19
19
19
19
19
19
19
18
18
18
18
18
18
18
18
17
17
17
17
17
17
17
17
17
17
17
17
17
17
17
17
17
16
16
16
16
16
16
16
16
16
16
16
15
15
15
15
15
15
15
15
15
15
15
15
15
15
15
15
15
15
14
14
14
14
14
14
14
14
14
14
14
14
14
14
14
14
13
13
13
13
13
13
13
13
13
13
13
13
13
13
13
13
13
13
13
12
12
12
12
12
12
12
12
12
12
12
12
12
12
12
12
12
12
12
12
12
12
11
11
11
11
11
11
11
11
11
11
11
11
11
11
11
11
11
11
11
11
11
11
10
10
10
10
10
10
10
10
10
10
10
10
10
10
10
10
10
10
10
10
10
10
10
10
10
9
9
9
9
9
9
9
9
9
9
9
9
9
9
9
9
9
9
9
9
9
9
9
9
9
9
9
9
9
9
8
8
8
8
8
8
8
8
8
8
8
8
8
8
8
8
8
8
8
8
8
8
8
8
8
8
8
8
8
8
8
8
8
8
8
8
8
8
8
8
8
8
8
8
7
7
7
7
7
7
7
7
7
7
7
7
7
7
7
7
7
7
7
7
7
7
7
7
7
7
7
7
7
7
7
7
7
7
7
7
7
7
7
7
7
7
7
7
7
7
6
6
6
6
6
6
6
6
6
6
6
6
6
6
6
6
6
6
6
6
6
6
6
6
6
6
6
6
6
6
6
6
6
6
6
6
6
6
6
6
6
6
6
6
6
5
5
5
5
5
5
5
5
5
5
5
5
5
5
5
5
5
5
5
5
5
5
5
5
5
5
5
5
5
5
5
5
5
5
5
5
5
5
5
5
5
5
5
5
5
5
5
5
5
5
5
5
5
5
5
5
5
5
5
4
4
4
4
4
4
4
4
4
4
4
4
4
4
4
4
4
4
4
4
4
4
4
4
4
4
4
4
4
4
4
4
4
4
4
4
4
4
4
4
4
4
4
4
4
4
4
4
4
4
4
4
4
4
4
4
4
4
4
4
4
4
4
4
4
4
4
4
4
4
4
4
4
4
4
4
4
4
4
4
4
4
4
4
4
4
4
3
3
3
3
3
3
3
3
3
3
3
3
3
3
3
3
3
3
3
3
3
3
3
3
3
3
3
3
3
3
3
3
3
3
3
3
3
3
3
3
3
3
3
3
3
3
3
3
3
3
3
3
3
3
3
3
3
3
3
3
3
3
3
3
3
3
3
3
3
3
3
3
3
3
3
3
3
3
3
3
3
3
3
3
3
3
3
3
3
3
3
3
3
3
3
3
3
3
3
3
3
3
3
3
3
3
3
3
3
3
3
3
3
3
3
3
3
3
3
3
3
3
3
3
3
3
3
2
2
2
2
2
2
2
2
2
2
2
2
2
2
2
2
2
2
2
2
2
2
2
2
2
2
2
2
2
2
2
2
2
2
2
2
2
2
2
2
2
2
2
2
2
2
2
2
2
2
2
2
2
2
2
2
2
2
2
2
2
2
2
2
2
2
2
2
2
2
2
2
2
2
2
2
2
2
2
2
2
2
2
2
2
2
2
2
2
2
2
2
2
2
2
2
2
2
2
2
2
2
2
2
2
2
2
2
2
2
2
2
2
2
2
2
2
2
2
2
2
2
2
2
2
2
2
2
2
2
2
2
2
2
2
2
2
2
2
2
2
2
2
2
2
2
2
2
2
2
2
2
2
2
2
2
2
2
2
2
2
2
2
2
2
2
2
2
2
2
2
2
2
2
2
2
2
2
2
2
2
2
2
2
2
2
2
2
2
2
2
2
2
2
2
2
2
2
2
2
2
2
2
2
2
2
2
2
2
2
2
2
2
2
2
2
2
2
2
2
2
2
2
2
2
2
2
2
2
2
2
2
2
2
2
2
2
2
2
2
2
2
2
2
2
2
2
2
2
2
2
2
2
2
2
2
2
2
2
2
2
2
2
2
2
2
2
2
2
2
2
2
2
2
2
2
2
1
1
1
1
1
1
1
1
1
1
1
1
1
1
1
1
1
1
1
1
1
1
1
1
1
1
1
1
1
1
1
1
1
1
1
1
1
1
1
1
1
1
1
1
1
1
1
1
1
1
1
1
1
1
1
1
1
1
1
1
1
1
1
1
1
1
1
1
1
1
1
1
1
1
1
1
1
1
1
1
1
1
1
1
1
1
1
1
1
1
1
1
1
1
1
1
1
1
1
1
1
1
1
1
1
1
1
1
1
1
1
1
1
1
1
1
1
1
1
1
1
1
1
1
1
1
1
1
1
1
1
1
1
1
1
1
1
1
1
1
1
1
1
1
1
1
1
1
1
1
1
1
1
1
1
1
1
1
1
1
1
1
1
1
1
1
1
1
1
1
1
1
1
1
1
1
1
1
1
1
1
1
1
1
1
1
1
1
1
1
1
1
1
1
1
1
1
1
1
1
1
1
1
1
1
1
1
1
1
1
1
1
1
1
1
1
1
1
1
1
1
1
1
1
1
1
1
1
1
1
1
1
1
1
1
1
1
1
1
1
1
1
1
1
1
1
1
1
1
1
1
1
1
1
1
1
1
1
1
1
1
1
1
1
1
1
1
1
1
1
1
1
1
1
1
1
1
1
1
1
1
1
1
1
1
1
1
1
1
1
1
1
1
1
1
1
1
1
1
1
1
1
1
1
1
1
1
1
1
1
1
1
1
1
1
1
1
1
1
1
1
1
1
1
1
1
1
1
1
1
1
1
1
1
1
1
1
1
1
1
1
1
1
1
1
1
1
1
1
1
1
1
1
1
1
1
1
1
1
1
1
1
1
1
1
1
1
1
1
1
1
1
1
1
1
1
1
1
1
1
1
1
1
1
1
1
1
1
1
1
1
1
1
1
1
1
1
1
1
1
1
1
1
1
1
1
1
1
1
1
1
1
1
1
1
1
1
1
1
1
1
1
1
1
1
1
1
1
1
1
1
1
1
1
1
1
1
1
1
1
1
1
1
1
1
1
1
1
1
1
1
1
1
1
1
1
1
1
1
1
1
1
1
1
1
1
1
1
1
1
1
1
1
1
1
1
1
1
1
1
1
1
1
1
1
1
1
1
1
1
1
1
1
1
1
1
1
1
1
1
1
1
1
1
1
1
1
1
1
1
1
1
1
1
1
1
1
1
1
1
1
1
1
1
1
1
1
1
1
1
1
1
1
1
1
1
1
1
1
1
1
1
1
1
1
1
1
1
1
1
1
1
1
1
1
1
1
1
1
1
1
1
1
1
1
1
1
1
1
1
1
1
1
1
1
1
1
1
1
1
1
1
1
1
1
1
1
1
1
1
1
1
1
1
1
1
1
1
1
1
1
1
1
1
1
1
1
1
1
1
1
1
1
1
1
1
1
1
1
1
1
1
1
1
1
1
1
1
1
1
1
1
1
1
1
1
1
1
1
1
1
1
1
1
1
1
1
1
1
1
1
1
1
1
1
1
1
1
1
1
1
1
1
1
1
1
1
1
1
1
1
1
1
1
1
1
1
1
1
1
1
1
1
1
1
1
1
1
1
1
1
1
1
1
1
1
1
1
1
1
1
1
